165 127 185 172 135 193 144 182 129 154 145 110 101 109 175 183
181 119 100  95 106  96  99  94 111 118 123  77 123  92  72 168
135  97  86 102  90 108  84 105 107  87  99 117   8  13   5  65
181 106  96  85  93 100  94  92  75  77  47  26  15  16  33 165
179  93  91  90  97  80  80  12   4  17  16   9  10  21  23  36
166 122  73  89  71  43  19   3   0   0   7  17  11  11  12 167
171  91  85  89  70  28   8  10   0  12  15  22  15  20  17 168
145  62  66  75  86  95  77  14  16  21   0   0  24  28  33 151
141  95  69  83  88  83  82  70  49  18  21  15   0   6  26  19
 89  29  13  36  37  54  55  74  83  63  87  55  44  13  31 163
 43  12   9   6   5   4   5   3   8  15  11  12   3  14  15 161
 88   6  14   4  15   7   7   5   7   8   6   5   8   4  10 173
 30   7  15  12  15  24   8  10  12  16   9   7   5   7   5 174
 59  11   6  13  13  18  20  19  12  14   5  14  11   7  13 177
 72  22  20  17  15  23  11  22  11  15  18  18  24  15 127 177
170 167 166 114 158 154  21  36 149  50  41  45  74  37  63 177
175 117 203 181 153 203 157 203 147 162 156 118  93 117 181 183
180 111  89  78  91  89  88  87 103 111 105  56 119  89  71 168
145  90  77  92  74  97  84  96  98  80  85 109  60  71  35  90
184  93  85  71  74  87  80  81  73  84  92  89  62  88  96 184
185  80  78  74  91  67  65  69  41  70  77  70  64  91  77  76
165 117  64  78  65  69  65  51  60  58  63  63  82  73  70 178
166  78  74  79  66  66  47  60  47  86  59  76  72  77  93 171
144  59  52  63  81  91  81  40  62  77  64  31  80  85  85 164
130  81  55  68  82  72  69  75  42  42  73  72  34  71  93  91
 84  30  10  39  34  50  46  67  69  51  83  42  66  88  85 171
 29   5   6   9   7   5   8   6   8  13  12  14   7  16  18 166
 70   2  11   6  14  10   8  10  11   8   8   9  10   8  10 175
 25   5   6   3   6  18   7  10  11   9   7   9   8   9   7 176
 39   8   0  10   7  12  18  10   3   8   2  11  11   8  11 177
 60  10  12   8   9  14   5  10   4   5  10   9  16   9 120 175
175 171 167 113 153 151  14  30 150  31  24  44  70  20  40 175
179  35 203 148 157 194 161 207 157 182 167 116  42 108 179 183
171  22   3   3  10   2   6   1  10  32  16   0  24  17   2 150
134  18   0   3   0   5   2   8  12   6   1  29  97 150 138 149
168   9   6   0   9  12   0  10  15  40 148 168 149 188 206 199
175   4   7   1   9   0  16 140 145 164 162 165 170 196 190 164
127  36   2  12   4  98 158 151 164 164 167 170 178 177 175 192
100   0   1   7   9 149 153 177 164 194 172 182 180 182 196 187
101   4   0  13   3  17  32  75 162 174 168 137 185 189 196 189
 34  12   0   0   3   6   5  19   2  74 169 189 150 181 198 204
 47  15   6  11   9   3   7  12  15   4  17   6  85 186 168 183
160 102  14   8   4   1   6   4   6  12   8  12   8  12  16 167
180 121 121  95  64  13  11   8  11   8   6   8  10   8  10 181
145 129 122 123 120 131  78  82  95  79  13   6   7   9   7 182
152 122 113 130 127 135 134 110 118 120 102 114  65  23  20 181
155 125 139 128 129 135 124 121 126 123 123 134 139 121 159 181
182 182 181 138 166 158  25  50 162 119 127 117 138 132 146 179

169 115  64  63  61  77  77  55  44  82 103 102 115 127 158 164
157  95  30  18  18  15  13  14  15  32  37  17  21  34  70  86
135  96  37  15  12   9   8   9  10  21  24   6   7  12  25  65
133 102  52  20  10   8   9   9  14  27  18   6   7  12  21  72
143 108  72  30  10   9  12  10  21  38  18   7   8  13  22  70
142 108  81  38  11   8  10  11  30  46  15   7   9  14  22  67
125 100  85  45  14   8  10  17  41  49  15   7  10  15  23  67
116  99  90  55  18   8  10  28  55  52  15   7  10  15  24  74
129 100  91  70  29  10  12  38  65  53  12   6  10  16  26  76
137  99  91  82  51  18  19  53  74  53  10   6  10  15  34  87
138  99  91  85  74  36  35  69  79  49   8   8  13  16  39 115
138 101  92  85  85  56  58  79  79  46   7   9  14  15  34 131
141 103  93  85  87  75  77  80  77  44   8  10  15  14  28 127
145 101  94  87  87  86  85  81  74  40   9  12  16  15  30 133
141 100  96  94  90  97  90  83  79  44  13  16  17  18  42 143
153 138 131 136 138 133 125 118 113  77  38  44  46  50  85 153
177 127 100 104  98 110 113 100  90 104 107 105 116 126 156 162
166 104  71  72  74  70  67  65  65  65  41  20  22  33  63  75
143 101  71  70  72  68  61  60  61  57  31  10   9  11  19  57
141 101  74  71  67  66  61  58  58  52  23   9   8   8  14  67
152 102  81  71  63  64  62  58  60  52  21   9   8   9  16  67
151 103  82  69  61  64  64  60  62  50  17   8   8   9  16  62
135  95  82  69  61  63  64  62  63  49  15   8   8   9  16  64
129  92  83  69  60  63  61  64  66  50  16   9   9  10  18  75
139  89  81  72  62  63  61  66  69  51  15   9   8  10  19  79
143  88  80  75  67  62  62  70  71  49  12   7   8  10  26  89
140  87  80  75  73  64  63  74  71  44  10   8  10  11  31 116
140  88  80  75  76  69  67  75  71  41   8   9  10  10  28 133
143  90  82  75  76  72  73  73  68  39   8   9   9   9  22 130
148  90  83  77  76  77  76  72  65  36   9  10  10  10  24 136
143  90  85  82  80  86  79  74  69  39  10  12  12  13  36 145
156 133 125 130 130 124 115 110 105  70  32  37  38  43  81 159
177 119 156 175 174 173 179 183 178 150 105 108 119 133 168 176
158  80 132 172 179 170 170 171 166 119  31  20  25  61 129 151
128  62 107 165 177 171 168 170 165 115  24   9  14  54 118 142
122  47  80 150 168 168 168 167 153  89  16   9  22  72 120 142
143  39  52 127 159 168 171 165 137  62  12  10  34  92 123 139
152  38  30 101 152 170 173 162 115  37   8  12  47 105 124 135
144  28  15  78 146 170 173 150  86  21   8  14  59 116 125 127
134  22   8  54 133 168 168 126  54  13   9  20  68 118 121 114
128  16   5  29 104 158 159 101  33   9   8  21  70 117 122 106
122  16   5  11  63 135 139  70  19   7   6  27  81 120 127 112
111  15   5   5  26  97  98  37   7   4   7  41 106 126 130 138
109  13   5   4   7  56  50  15   4   3  11  59 119 129 132 157
111  13   5   4   3  22  16   6   4   5  19  77 127 130 134 159
116  13   6   4   3   5   5   4   4   9  37  97 129 130 136 166
103  17  10  10  10  10   7   7   8  21  72 123 131 132 137 171
135  86  72  78  79  58  43  42  38  57 118 146 150 151 155 177

164  86  65  72  70  67  67  74  76  87 115 131 127 133 143 153
158  70  25  21  22  22  23  24  26  34  39  34  28  30  42  85
127  34  12  12  13  14  15  15  16  15  16  15  14  15  18  50
115  21   7   7   8   9  10  10  10  10  13  14  15  16  17  46
102  17   6   6   7   7   7   7   6   6   8   9  10  12  16  44
103  37  24  18  18  15  15  15  12  10   8   7   8   9  13  38
 82  32  21  27  38  46  49  52  53  53  49  46  44  40  44  77
 44  15  10  14  21  30  41  55  65  74  79  79  77  74  79 113
 55  14   9   9  10  11  17  28  38  53  69  79  80  81  83 118
 77  13   8   9  12  10  10  10  12  19  35  58  77  85  90 125
 77  15   9   8   9   8   8   8  10  18  36  56  75  86  97 133
 61  18  12  10  10  11  14  18  29  51  74  85  87  87  90 138
 63  18  15  20  30  38  45  55  70  82  85  85  85  87  94 136
 64  30  37  52  72  81  85  90  91  91  91  92  93  94  96 131
115  95  96 102 108 108 100  99 100  99  99 101 103 101 100 138
169 157 135 133 143 142 125 116 129 137 138 138 141 145 141 153
162  75  57  67  67  62  64  75  79  89 116 133 130 136 145 159
156  63  19  14  16  16  16  18  19  26  31  28  22  24  36  81
126  33  11   8   9   9   9  10  10  10  11  10   9  10  13  43
116  22   9   8   8   8   8   9   8   8  10  10   9  10  12  38
105  20  10   9   9   8   8   9   9   7   8   9   9  10  12  37
107  41  31  23  21  17  15  16  15  12  10   8   8   9  10  32
104  65  57  52  52  50  49  50  51  49  44  41  39  36  39  70
 90  65  61  58  60  62  63  66  69  71  71  71  68  65  69 105
100  65  60  58  58  60  62  64  66  70  74  75  73  72  74 110
113  67  61  61  62  64  64  61  61  62  63  67  73  76  79 115
110  70  68  66  64  64  63  63  63  62  64  69  72  77  86 124
 98  74  72  67  63  61  61  60  62  67  73  76  76  76  80 130
104  72  70  71  71  69  69  69  72  75  75  75  75  77  82 130
100  71  71  74  81  82  82  83  81  80  80  80  82  83  85 125
127 104 101 101 102 103  95  92  89  88  87  88  90  90  90 133
177 166 143 141 152 151 135 129 139 143 140 140 143 148 143 156
176 151 142 142 139 135 127 114 106 112 138 157 159 166 171 177
168 129 118 120 123 124 125 121 122 127 130 132 134 136 137 155
133  61  54  72  92 105 116 118 117 120 126 129 130 130 132 151
119  25  14  22  34  47  59  68  70  81 106 119 127 129 131 150
108  20   9   9  10  12  14  20  21  27  41  59  77  97 123 146
105  31  24  16  12   8   8   9   8   6   7  11  19  37  72 118
150 119 115  89  62  37  21  13   9   7   4   3   5   9  21  57
178 166 165 153 137 115  86  54  33  19   7   4   4   4   8  38
183 171 170 167 165 162 150 126 101  70  37  15   6   4   7  42
179 170 168 168 171 173 173 168 159 139  98  50  16   5   7  43
173 170 171 168 168 170 170 168 158 135  97  56  22   5  10  58
174 179 177 168 159 152 146 133 104  63  26   7   3   3  10  79
175 172 165 150 127 101  78  54  29  11   5   4   4   4  10  78
156 132 107  80  52  30  15   8   5   5   5   5   5   6  10  72
119  80  62  47  39  38  28  22  16  16  15  13  13  13  17  86
177 158 128 122 143 152 144 134 128 122 111 109 111 116 103 135

153  85  50  46  44  38  77 113 118 125 133 138 136 131 138 153
143  42  18  17  16  13  44  79  83  90  97  90  94  96 100 141
133  30  15  16  12   9  40  74  81  85  86  87  87  94 101 145
127  28  14  15  10   8  44  77  80  77  75  87  85  93 103 141
131  34  15  14   9   7  46  79  79  58  56  85  85  92 101 138
115  39  16  13   8   8  49  79  69  35  36  74  85  91  99 138
 87  34  15  10   6  10  53  74  53  19  18  51  82  91  99 137
 76  26  16  10   6  12  53  65  38  12  10  29  70  91 100 129
 74  24  15  10   7  15  52  55  28  10   8  18  55  90  99 116
 67  23  15  10   7  15  49  41  17  10   8  14  45  85 100 125
 67  22  14   9   7  15  46  30  11  10   8  11  38  81 108 142
 70  22  13   8   7  18  38  21  10  12   9  10  30  72 108 143
 72  21  12   7   6  18  27  14   9   9   8  10  20  52 102 133
 65  25  12   7   6  24  21  10   9   8   9  12  15  37  96 135
 86  70  34  21  17  37  32  15  14  13  15  18  18  30  95 157
164 158 127 115 102 103  82  44  55  77  77  61  63  64 115 169
159  81  43  38  37  32  70 105 110 115 124 130 130 125 133 156
145  36  13  12  12  10  39  69  74  79  86  80  82  85  90 143
136  24  10  10  10   9  36  65  72  76  77  76  77  83  90 148
130  22   9   9   9   8  39  68  73  73  72  76  75  82  90 143
133  28  10  10   9   8  41  71  75  67  69  76  75  80  88 140
116  31  11  10   8  10  44  71  74  63  64  73  75  80  87 140
 89  26  10   8   7  12  49  71  70  62  62  67  75  80  88 143
 79  19  10   8   9  15  51  69  66  61  63  62  72  81  89 139
 75  18  10   9   9  16  50  66  64  61  63  60  69  83  92 129
 64  16   9   8   8  15  49  63  62  64  63  61  69  82  95 135
 62  16   9   8   8  17  50  62  60  64  64  61  69  82 103 151
 67  16   9   8   9  21  52  60  58  62  64  63  71  81 102 152
 67  14   8   8   9  23  52  58  58  61  66  67  71  74 101 141
 57  19  11   9  10  31  57  61  60  61  68  72  70  71 101 143
 75  63  33  22  20  41  65  65  65  67  70  74  72  71 104 166
162 156 126 116 105 107 104  90 100 113 110  98 104 100 127 177
177 155 151 150 146 118  57  38  42  43  58  79  78  72  86 135
171 137 132 131 123  72  21   8   7   7  10  10  10  10  17 103
166 136 130 129  97  37   9   4   4   5   5   3   4   6  13 116
159 134 130 127  77  19   5   4   6  16  22   3   4   5  13 111
157 132 129 119  59  11   3   4  15  50  56   7   4   5  13 109
138 130 126 106  41   7   4   7  37  98  97  26   5   5  15 111
112 127 120  81  27   6   7  19  70 139 135  63  11   5  16 122
106 122 117  70  21   8   9  33 101 159 158 104  29   5  16 128
114 121 118  68  20   9  13  54 126 168 168 133  54   8  22 134
127 125 116  59  14   8  21  86 150 173 170 146  78  15  28 144
135 124 105  47  12   8  37 115 162 173 170 152 101  30  38 152
139 123  92  34  10  12  62 137 165 171 168 159 127  52  39 143
142 120  72  22   9  16  89 153 167 168 168 168 150  80  47 122
142 118  54  14   9  24 115 165 170 168 171 177 165 107  62 128
151 129  61  25  20  31 119 166 171 170 170 179 172 132  80 158
176 168 133 119 108 105 150 178 183 179 173 174 175 156 119 177
