161 145 165 160 145 170 156 160 113 141 147 134 110 122 169 174
172  99 104 101 108 100 104  98 107  95 110  95 106  87  83 143
147  87  96 102  99 107  86  99 103  89 106 105  30  16   9  80
170  97  96  87  89  90  94  88  71  67  47  27  24  11  17 150
179  96  86  92  90  92  70  20   9  12  10  12  10  25  18  66
162  94  82  82  67  39   9   9   9  13  10  14  11   9  14 160
154  96  88  86  78  26  12   7   8  16  15  22  10  12  10 154
148  65  74  67  92  95  71  34  23  16  11  11  15  17  23 137
145  91  75  89  91  82  89  67  62  30  16  18   9  10  14  32
105  36  19  41  37  49  61  68  71  66  78  61  44  15  35 150
 42  12  10   6   6   7   5   7   8  13  11  15   4  22  22 159
 82  13  14   7  16   9   7   5   7   9   7   5   8   5  11 169
 67  14  17  16  16  14  12  11  12  13   9   5   7   8   9 173
 79  14  13  14  16  13  15  15  14  15  12  14   9   9  18 171
 91  23  22  16  17  20  20  19  17  16  17  18  20  21 116 176
169 167 167 135 154 135  30  51  95  64  65  68  83  48  89 176
170 141 178 165 160 174 170 174 135 151 157 143 111 129 176 177
174  89  92  87  93  88  91  87  98  85  97  81 101  84  76 140
155  75  87  92  85  94  82  87  94  81  96  98  64  73  50 108
172  86  87  77  74  75  81  79  67  84  93  85  75  76  72 171
181  83  73  77  83  82  62  72  50  65  59  74  66  92  76  97
159  83  74  71  69  68  52  63  73  67  68  63  77  69  74 170
147  83  78  76  76  62  57  55  58  81  65  77  62  68  78 163
145  61  63  56  84  92  73  63  63  69  66  55  66  71  76 158
136  77  62  76  84  69  79  67  60  58  65  73  54  71  72 101
100  33  16  40  34  47  52  62  59  55  71  57  70  77  76 161
 28   7   9   8   8   7   8  10   9  11  12  17   8  24  25 164
 71   9  12   7  14   8   8  10  11   9  10   9  11   9  11 171
 60  11   8   8   9   9   9  10  13   9   8   7   9  10  11 176
 68  10   6  10  10   8  12   7   6   9   9  10   9   7  17 172
 80  10  13   9   8   9   9  10  12   9  10  11  11  15 109 175
175 170 168 137 152 133  27  49  95  58  59  66  80  38  72 175
172  79 174 128 159 148 174 171 150 172 167 144  76 117 175 180
163  10  11   7  12  10   8   7  10   9  19   7  20  13  11 118
137   8   8   7   7  10   6   7  10  10  13  21  88 150 147 161
156   5   9   5   6   6   4  12  13  62 149 164 163 178 184 190
167   9   3   5   5   8  14 139 153 160 151 168 171 199 186 167
114  11   5   7  26  99 146 160 176 176 171 168 175 174 177 188
 86   7   3   7  28 133 161 172 173 191 176 183 171 173 182 186
 95   6   4   5  12  18  40 102 148 171 176 159 174 176 185 200
 48   6   3   3   5   4  11  19  22  94 155 185 166 182 179 210
 74  15   6   9   4   5   8   7   9   6  14  23  96 171 142 181
157  97  27   8   6   5   6   7   8  11   8  16   7  18  20 165
168 129 123  96  73  18  15   9  11   9   8   8  11   8  12 176
164 135 127 129 123 121  86  83  93  73  21  16   9  10  11 181
167 126 122 130 131 129 127 109 121 122 112 113  58  34  29 176
160 127 139 132 129 128 129 122 129 130 121 132 130 130 150 181
183 182 182 157 163 142  38  67 114 126 135 138 146 137 155 180

174 143  80 150  66 160 154 137  32 150 159 169 173 171 176 176
169  83   9  17  18  14  10  23  14  35  22  11   9  18 116  89
122  87  16  11  25   9  12  17  10  15  22   5   8   9  21  48
110 106  30  24  10  11  10  15   9  44   4   8   7   9  20  83
134  95 105  27  12  14  22  11  18  61  15   5   5  14  18  68
147 110 106  47  10  10  15  11  16  78  11   7   9  12  17  65
141  95  89  67  12  13  16  16  30  66  13   9  13  15  16  64
113 107 103  71   9   9   8  23  62  71   8   7  12  14  17  95
160  98  99  88  20   9   7  34  67  68   7   5  11  15  19  51
156 104  86  94  70   9  12  71  89  61   5   7  12  15  20  30
170 100 107  90  92  39  26  95  82  49   7   9  14  13  20 135
145 108  99  89  90  67  78  92  91  37   6  16  16  16  17 154
160 101 102  87  92  82  86  67  89  41   6   7  16  14  16 135
165 104  96  96  86  82  88  74  75  19  10  14  17  13  22 167
145  99  87  97  96  94  96  65  91  36  12  13  14  14  23 167
161 172 147 170 179 162 154 148 145 105  42  82  67  79  91 169
177 140 108 171  97 170 163 158 101 161 164 171 176 172 175 175
176  76  50  72  76  74  78  76  72  76  25  11  11  17 109  72
129  84  73  76  92  69  68  71  71  77  24   9  10   7  15  38
111 101  64  75  66  77  62  66  54  70   8  11   9   9  11  80
143  81  98  85  74  63  77  55  73  57  17   9   7  10  11  66
157  97  96  93  59  68  65  66  65  71  12  10   8   9  10  59
151  85  81  84  65  67  81  69  58  55  11   9   9   9   9  58
135  98  94  67  50  73  58  63  60  59   9  11  13   6  12  95
174  87  87  79  72  63  55  63  67  62  10  10  10   7  10  49
170  91  82  81  62  52  57  73  79  52   8   8   9  12   9  27
174  88  94  75  82  68  62  92  69  47   7   8   9   8   9 133
160  93  85  74  83  69  76  84  84  34   8  14   9  10   8 152
165  87  92  77  77  71  76  56  76  40   8   7   8  10   9 137
178  92  87  87  73  74  78  63  62  16   9  12   8   6  13 168
141  89  75  86  83  83  83  61  77  33   7   9  11  10  10 170
170 174 155 172 181 159 147 145 136 100  28  71  60  68  80 175
180 118 161 190 167 188 186 200 210 181 165 176 181 176 181 180
175  11 147 184 186 177 182 185 179 142  20  12  11  29 150 155
117  13 150 178 199 174 173 176 182 171  18   8  10  34 130 137
 76  20  88 163 171 175 171 174 166  96   7  11   9  58 130 146
144   7  21 164 168 168 183 159 185  23  16   8  16 113 132 138
167  19  13 149 151 171 176 176 155  14   8   8  21 112 121 135
172   9  10  62 160 176 191 171  94   6  11   9  73 122 130 126
150  10  10  13 153 176 173 148  22   9   8  11  93 121 129 114
171   7   7  12 139 160 172 102  19   7   7   9  83 109 122  67
174   8   6   4  14 146 161  40  11   8   6  15  86 127 129  38
148  10  10   6   8  99 133  18   4   5   5  18 121 129 128 142
159  12   7   6   5  26  28  12   5   4   6  73 123 131 129 163
128   7   7   5   5   7   7   5   3   9   8  96 129 130 132 157
174  11   8   9   3   5   3   4   3   6  27 123 127 122 139 182
 79  10   8   5   9  11   7   6   6  15  97 129 135 126 127 182
172 163 137 156 167 114  86  95  48  74 157 168 164 167 160 183

176  89  48  83  68  65  64  95  51  30 135 154 135 167 167 169
176 116  21  20  18  17  16  17  19  20  20  17  16  22  23  91
171  18   9   9  14  12  15  14  15  15  13  16  14  13  14  79
173   9   8   7   5   9  13  12  11  12  14  16  16  17  14  67
169  11   5   8   5   7   9   7   5   7   9  16   7  14  13  82
159  22  22   4  15  11  13   8   7   5   7   6   6  10  12  42
150  35  15  44  61  78  66  71  68  61  49  37  41  19  36 105
 32  14  10   9  18  16  30  62  67  89  82  91  89  75  91 145
137  23  17  15  11  11  16  23  34  71  95  92  67  74  65 148
154  10  12  10  22  15  16   8   7  12  26  78  86  88  96 154
160  14   9  11  14  10  13   9   9   9  39  67  82  82  94 162
 66  18  25  10  12  10  12   9  20  70  92  90  92  86  96 179
150  17  11  24  27  47  67  71  88  94  90  89  87  96  97 170
 80   9  16  30 105 106  89 103  99  86 107  99 102  96  87 147
143  83  87 106  95 110  95 107  98 104 100 108 101 104  99 172
174 169 122 110 134 147 141 113 160 156 170 145 160 165 145 161
175  72  38  80  66  59  58  95  49  27 133 152 137 168 170 175
175 109  15  11  11  10   9  12  10   9   9   8   9  13  10  80
172  17   7   9  10   9   9   6   7  12   8  10  10   6  10  68
176  11  10   9   7   8   9  13  10   9   9   9   8   8  11  60
171  11   9  11   9  10   9  11  10   8   8  14   7  12   9  71
164  25  24   8  17  12  11   9  10   8   7   8   8   9   7  28
161  76  77  70  57  71  55  59  62  52  47  34  40  16  33 100
101  72  71  54  73  65  58  60  67  79  69  84  76  62  77 136
158  76  71  66  55  66  69  63  63  73  92  84  56  63  61 145
163  78  68  62  77  65  81  58  55  57  62  76  76  78  83 147
170  74  69  77  63  68  67  73  63  52  68  69  71  74  83 159
 97  76  92  66  74  59  65  50  72  62  82  83  77  73  83 181
171  72  76  75  85  93  84  67  79  81  75  74  77  87  86 172
108  50  73  64  98  96  81  94  87  82  94  85  92  87  75 155
140  76  84 101  81  97  85  98  87  91  88  93  87  92  89 174
177 176 129 111 143 157 151 135 174 170 174 160 165 178 141 170
180 155 137 146 138 135 126 114  67  38 142 163 157 182 182 183
181 150 130 130 132 121 130 129 122 129 128 129 132 139 127 160
176  29  34  58 113 112 122 121 109 127 129 131 130 122 126 167
181  11  10   9  16  21  73  93  83  86 121 123 129 127 135 164
176  12   8  11   8   8   9  11   9  15  18  73  96 123 129 168
165  20  18   7  16   8  11   8   7   6   5   6   8  27  97 157
181 142 171  96  23  14   6   9   7   8   5   4   9   6  15  74
210 179 182 166 185 155  94  22  19  11   4   5   3   3   6  48
200 185 176 174 159 176 171 148 102  40  18  12   5   4   6  95
186 182 173 171 183 176 191 173 172 161 133  28   7   3   7  86
188 177 174 175 168 171 176 176 160 146  99  26   7   5  11 114
167 186 199 171 168 151 160 153 139  14   8   5   5   3   9 167
190 184 178 163 164 149  62  13  12   4   6   6   5   9   5 156
161 147 150  88  21  13  10  10   7   6  10   7   7   8   8 137
118  11  13  20   7  19   9  10   7   8  10  12   7  11  10 163
180 175 117  76 144 167 172 150 171 174 148 159 128 174  79 172

169  91  79  67  82  42 105 145 148 154 162 179 170 147 172 161
167  23  14  14  13  12  36  91  65  96  94  96  97  87  99 145
167  22  13  17  14  10  19  75  74  88  82  86  96  96 104 165
135  16  14  16   7   6  41  89  67  86  82  92  87 102 101 160
154  17  16  16  16   6  37  91  92  78  67  90  89  99 108 145
135  20  13  14   9   7  49  82  95  26  39  92  90 107 100 170
 30  20  15  12   7   5  61  89  71  12   9  70  94  86 104 156
 51  19  15  11   5   7  68  67  34   7   9  20  88  99  98 160
 95  17  14  12   7   8  71  62  23   8   9   9  71 103 107 113
 64  16  15  13   9  13  66  30  16  16  13  12  67  89  95 141
 65  17  12   9   7  11  78  16  11  15  10  10  47 106 110 147
 68  18  14   5   5  15  61  18  11  22  14  12  27 105  95 134
 83  20   9   7   8   4  44   9  15  10  11  10  24  30 106 110
 48  21   9   8   5  22  15  10  17  12   9  25  11  16  87 122
 89 116  18   9  11  22  35  14  23  10  14  18  17   9  83 169
176 176 171 173 169 159 150  32 137 154 160  66 150  80 143 174
175  80  68  60  71  28 100 136 145 147 159 181 172 155 174 170
170  10  10  11   9   7  33  77  61  83  83  83  86  75  89 141
168  13   6   8  12   9  16  62  63  78  74  73  87  87  92 178
137   9  10   8   7   8  40  76  56  76  71  77  77  92  87 165
152   8  10   9  14   8  34  84  84  76  69  83  74  85  93 160
133   9   8   9   8   7  47  69  92  62  68  82  75  94  88 174
 27   9  12   9   8   8  52  79  73  57  52  62  81  82  91 170
 49  10   7  10  10  10  62  67  63  55  63  72  79  87  87 174
 95  12   6  13  11   9  59  60  63  58  73  50  67  94  98 135
 58   9   9   9   9  11  55  58  69  81  67  65  84  81  85 151
 59  10   9   8  10  12  71  65  66  65  68  59  93  96  97 157
 66  11  10   7   9  17  57  73  55  77  63  74  85  98  81 143
 80  11   9   9  11   8  70  54  66  62  77  66  75  64 101 111
 38  15   7  10   9  24  77  71  71  68  69  92  76  73  84 129
 72 109  17  11  11  25  76  72  76  78  74  76  72  50  76 176
175 175 172 176 171 164 161 101 158 163 170  97 171 108 140 177
183 160 167 164 168 157  74  48  95  86 114 167 156 137 163 172
182 127 126 135 129  97  15   6   6   7  11   9   5   8  10  79
182 139 122 127 123  27   6   3   4   3   5   3   9   8  11 174
157 132 130 129  96   8   9   3   5   7   7   5   5   7   7 128
163 129 131 123  73   6   4   5  12  28  26   5   6   7  12 159
142 128 129 121  18   5   5   4  18 133  99   8   6  10  10 148
 38 129 127  86  15   6   8  11  40 161 146  14   4   6   8 174
 67 122 109  83   9   7   7  19 102 172 160 139  12   7   7 171
114 129 121  93  11   8   9  22 148 173 176 153  13  10  10 150
126 130 122  73   9  11   6  94 171 191 176 160  62  10   9 172
135 121 112  21   8   8  14 155 176 176 171 151 149  13  19 167
138 132 113  16   8  16  23 185 159 183 168 168 164  21   7 144
146 130  58   9  11   7  96 166 174 171 175 171 163  88  20  76
137 130  34  10   8  18 171 182 176 173 174 199 178 150  13 117
155 150  29  11  12  20 142 179 185 182 177 186 184 147  11 175
180 181 176 181 176 165 181 210 200 186 188 167 190 161 118 180
